2048
2048
2048
2048
2048
2048
2048
2048
2048
2048
2048
2048
2048
2048
2048
2048
2048
2048
2048
2048
2048
2048
2048
2048
2048
2048
2048
2048
2048
2048
2048
2048
2048
2048
2048
2048
2048
2048
2048
2048
2048
2048
2048
2048
2048
2048
2048
2048
2048
2048
2048
2048
2048
2048
2048
2048
2048
2048
2048
2048
2048
2048
2048
2048
2048
2048
2048
2048
2048
2048
2048
2048
2048
2048
2048
2048
2048
2048
2048
2048
2048
2048
2048
2048
2048
2048
2048
2048
2048
2048
2048
2048
2048
2048
2048
2048
2048
2048
2048
2048
2048
2048
2048
2048
2048
2048
2048
2048
2048
2048
2048
2048
2048
2048
2048
2048
2048
2048
2048
2048
2048
2048
2048
2048
2048
2048
2048
2048
2048
2048
2048
2048
2048
2048
2048
2048
2048
2048
2048
2048
2048
2048
2048
2048
2048
2048
2048
2048
2048
2048
2048
2048
2048
2048
2048
2048
2048
2048
2048
2048
2048
2048
2048
2048
2048
2048
2048
2048
2048
2048
2048
2048
2048
2048
2048
2048
2048
2048
2048
2048
2048
2048
2048
2048
2048
2048
2048
2048
2048
2048
2048
2048
2048
2048
2048
2048
2048
2048
2048
2048
2048
2048
2048
2048
2048
2048
2048
2048
2048
2048
2048
2048
2048
2048
2048
2048
2048
2048
2048
2048
2048
2048
2048
2048
2048
2048
2048
2048
2048
2048
2048
2048
2048
2048
2048
2048
2048
2048
2048
2048
2048
2048
2048
2048
2048
2048
2048
2048
2048
2048
2048
2048
2048
2048
2048
2048
2048
2048
2048
2048
2048
2048
2048
2048
2048
2048
2048
2048
2048
2048
2048
2048
2048
2048
2048
2048
2048
2048
2048
2048
2048
2048
2048
2048
2048
2048
2048
2048
2048
2048
2048
2048
2048
2048
2048
2048
2048
2048
2048
2048
2048
2048
2048
2048
2048
2048
2048
2048
2048
2048
2051
2056
2061
2065
2070
2075
2080
2084
2089
2094
2098
2103
2108
2112
2117
2122
2126
2131
2135
2140
2145
2149
2154
2158
2163
2167
2172
2176
2181
2185
2190
2194
2198
2203
2207
2212
2216
2220
2224
2229
2233
2237
2241
2245
2249
2254
2258
2262
2266
2270
2274
2277
2281
2285
2289
2293
2297
2300
2304
2308
2311
2315
2318
2322
2325
2329
2332
2336
2339
2342
2345
2349
2352
2355
2358
2361
2364
2367
2370
2370
2373
2376
2379
2381
2384
2387
2389
2392
2394
2397
2399
2402
2404
2406
2409
2411
2413
2415
2417
2419
2421
2423
2425
2427
2428
2430
2432
2433
2435
2436
2438
2439
2441
2442
2443
2444
2446
2447
2448
2449
2450
2450
2451
2452
2453
2453
2454
2455
2455
2455
2456
2456
2457
2457
2457
2457
2457
2457
2457
2457
2456
2455
2454
2453
2451
2450
2448
2446
2443
2441
2438
2435
2432
2429
2425
2421
2418
2413
2409
2405
2400
2395
2390
2385
2379
2373
2368
2362
2356
2349
2343
2336
2330
2323
2316
2308
2301
2294
2286
2278
2270
2262
2254
2246
2238
2229
2221
2212
2204
2195
2186
2177
2168
2159
2150
2141
2132
2123
2113
2104
2095
2085
2076
2066
2057
2048
2048
2048
2048
2048
2048
2048
2048
2048
2048
2048
2048
2048
2048
2048
2048
2048
2048
2048
2048
2048
2048
2048
2048
2048
2048
2048
2048
2048
2048
2048
2048
2048
2048
2048
2048
2048
2048
2048
2048
2048
2048
2048
2048
2048
2048
2048
2048
2048
2048
2048
2048
2048
2048
2048
2048
2048
2048
2048
2048
2048
2048
2048
2048
2048
2048
2048
2048
2048
2048
2048
2048
2048
2048
2048
2048
2048
2048
2048
2048
2048
2048
2048
2048
2048
2048
2048
2048
2048
2048
2048
2048
2048
2048
2048
2048
2048
2048
2048
2048
2048
2048
2048
2048
2048
2048
2048
2048
2048
2048
2048
2048
2048
2048
2048
2048
2048
2048
2048
2048
2048
2048
2048
2048
2048
2048
2048
2048
2048
2048
2048
2048
2048
2048
2048
2048
2048
2048
2048
2048
2048
2048
2048
2048
2048
2048
2048
2048
2048
2048
2048
2048
2048
2048
2048
2048
2048
2048
2048
2048
2048
2048
2048
2048
2048
2048
2048
2048
2048
2048
2048
2048
2048
2048
2048
2048
2048
2048
2048
2048
2048
2048
2048
2048
2048
2048
2048
2048
2048
2048
2048
2048
2048
2048
2048
2048
2048
2048
2048
2048
2048
2048
2048
2048
2048
2048
2048
2048
2048
2047
2046
2045
2043
2040
2037
2034
2030
2026
2022
2017
2012
2006
2000
1994
1988
1981
1974
1966
1958
1951
1942
1934
1926
1917
1908
1899
1890
1881
1871
1862
1852
1846
1879
1912
1945
1978
2011
2044
2076
2109
2142
2175
2208
2241
2274
2307
2340
2373
2406
2439
2472
2505
2538
2571
2571
2604
2637
2670
2703
2736
2769
2802
2835
2868
2901
2934
2967
3000
3033
3066
3099
3132
3165
3198
3231
3264
3297
3330
3363
3396
3429
3462
3495
3528
3561
3594
3627
3660
3693
3726
3759
3792
3825
3858
3891
3924
3957
3990
4023
4056
4089
4064
4025
3986
3947
3908
3869
3830
3791
3752
3713
3674
3635
3596
3557
3518
3479
3440
3401
3362
3323
3284
3245
3206
3167
3128
3089
3050
3011
2972
2933
2894
2855
2816
2777
2738
2699
2660
2621
2582
2543
2504
2465
2426
2387
2348
2309
2270
2231
2192
2153
2114
2075
2037
1998
1959
1920
1881
1842
1803
1764
1725
1686
1647
1608
1569
1530
1491
1452
1449
1477
1506
1534
1561
1589
1616
1643
1669
1695
1720
1745
1769
1792
1815
1815
1837
1858
1878
1897
1915
1932
1948
1963
1977
1989
2001
2011
2020
2028
2035
2040
2044
2047
2048
2048
2048
2048
2048
2048
2048
2048
2048
2048
2048
2048
2048
2048
2048
2048
2048
2048
2048
2048
2048
2048
2048
2048
2048
2048
2048
2048
2048
2048
2048
2048
2048
2048
2048
2048
2048
2048
2048
2048
2048
2048
2048
2048
2048
2048
2048
2048
2048
2048
2048
2048
2048
2048
2048
2048
2048
2048
2048
2048
2048
2048
2048
2048
2048
2048
2048
2048
2048
2048
2048
2048
2048
2048
2048
2048
2048
2048
2048
2048
2048
2048
2048
2048
2048
2048
2048
2048
2048
2048
2048
2048
2048
2048
2048
2048
2048
2048
2048
2048
2048
2048
2048
2048
2048
2048
2048
2048
2048
2048
2048
2048
2048
2048
2048
2048
2048
2048
2048
2048
2048
2048
2048
2048
2048
2048
2048
2048
2048
2048
2048
2048
2048
2048
2048
2048
2048
2048
2048
2048
2048
2048
2048
2048
2048
2048
2048
2048
2048
2048
2048
2048
2048
2048
2048
2048
2048
2048
2048
2048
2048
2048
2048
2048
2048
2048
2048
2048
2048
2048
2048
2048
2048
2048
2048
2048
2048
2048
2048
2048
2048
2048
2048
2048
2048
2048
2048
2048
2048
2048
2048
2048
2048
2048
2048
2048
2048
2048
2048
2048
2048
2048
2048
2048
2048
2048
2048
2048
2048
2048
2048
2048
2048
2048
2048
2048
2048
2048
2048
2048
2048
2048
2048
2048
2048
2048
2048
2048
2048
2048
2048
2048
2048
2048
2048
2048
2048
2048
2048
2048
2048
2048
2048
2048
2048
2048
2048
2048
2048
2048
2048
2048
2048
2048
2048
2048
2048
2048
2048
2048
2048
2048
2048
2048
2048
2048
2048
2048
2048
2048
2048
2048
2048
2048
2048
2048
2048
2048
2048
2048
2048
2048
2048
2048
2048
2048
2048
2048
2048
2048
2048
2048
2048
2048
2048
2048
2048
2048
2048
2048
2048
2048
2048
2048
2048
2048
2048
2048
2048
2048
2048
2048
2048
2048
2048
2048
2048
2048
2048
2048
2048
2048
2048
2048
2048
2048
2048
2048
2048
2048
2048
2048
2048
2048
2048
2048
2048
2048
2048
2048
2048
2048
2048
2048
2048
2048
2048
2048
2048
2048
2048
2048
2048
2048
2048
2048
2048
2048
2048
2048
2048
2048
2048
2048
2048
2048
2048
2048
2048
2048
2048
2048
2048
2048
2048
2048
2048
2048
2048
2048
2048
2048
2048
2048
2048
2048
2048
2048
2048
2048
2048
2048
2048
2048
2048
2048
2048
2048
2048
2048
2048
2048
2048
2048
2048
2048
2048
2048
2048
2048
2048
2048
2048
2048
2050
2053
2056
2059
2062
2065
2068
2070
2073
2076
2079
2082
2085
2088
2091
2094
2097
2100
2103
2106
2109
2112
2114
2117
2120
2123
2126
2129
2132
2135
2138
2141
2144
2146
2149
2152
2155
2158
2161
2164
2167
2169
2172
2175
2178
2181
2184
2187
2189
2192
2195
2198
2201
2203
2206
2209
2212
2215
2217
2220
2223
2226
2228
2231
2234
2237
2239
2242
2245
2248
2250
2253
2256
2258
2261
2264
2266
2269
2272
2274
2277
2280
2282
2285
2287
2290
2293
2293
2295
2298
2300
2303
2306
2308
2311
2313
2316
2318
2321
2323
2326
2328
2331
2333
2335
2338
2340
2343
2345
2347
2350
2352
2355
2357
2359
2362
2364
2366
2369
2371
2373
2375
2378
2380
2382
2384
2387
2389
2391
2393
2395
2397
2400
2402
2404
2406
2408
2410
2412
2414
2416
2418
2420
2422
2424
2426
2428
2430
2432
2434
2436
2438
2440
2442
2444
2446
2447
2449
2451
2453
2455
2456
2458
2460
2462
2463
2465
2467
2468
2470
2472
2473
2475
2477
2478
2480
2481
2483
2485
2486
2488
2489
2491
2492
2493
2495
2496
2498
2499
2501
2502
2503
2505
2506
2507
2508
2510
2511
2512
2514
2515
2516
2517
2518
2519
2521
2522
2523
2524
2525
2526
2527
2528
2529
2530
2531
2532
2532
2533
2534
2535
2536
2537
2537
2538
2539
2540
2541
2541
2542
2543
2544
2544
2545
2546
2547
2547
2548
2548
2549
2550
2550
2551
2551
2552
2552
2553
2553
2554
2554
2555
2555
2555
2556
2556
2556
2557
2557
2557
2558
2558
2558
2558
2558
2559
2559
2559
2559
2559
2559
2559
2559
2559
2560
2560
2559
2559
2559
2559
2559
2558
2558
2557
2557
2556
2556
2555
2554
2553
2552
2551
2550
2549
2548
2546
2545
2544
2542
2541
2539
2537
2535
2534
2532
2530
2528
2526
2524
2521
2519
2517
2514
2512
2510
2507
2504
2502
2499
2496
2493
2490
2487
2484
2481
2478
2475
2471
2468
2465
2461
2458
2454
2451
2447
2443
2440
2436
2432
2428
2424
2420
2416
2412
2408
2403
2399
2395
2395
2390
2386
2382
2377
2373
2368
2363
2359
2354
2349
2345
2340
2335
2330
2325
2320
2315
2310
2305
2300
2295
2290
2284
2279
2274
2269
2263
2258
2252
2247
2242
2236
2231
2225
2220
2214
2209
2203
2197
2192
2186
2180
2175
2169
2163
2157
2152
2146
2140
2134
2128
2123
2117
2111
2105
2099
2093
2088
2082
2076
2070
2064
2058
2052
2048
2048
2048
2048
2048
2048
2048
2048
2048
2048
2048
2048
2048
2048
2048
2048
2048
2048
2048
2048
2048
2048
2048
2048
2048
2048
2048
2048
2048
2048
2048
2048
2048
2048
2048
2048
2048
2048
2048
2048
2048
2048
2048
2048
2048
2048
2048
2048
2048
2048
2048
2048
2048
2048
2048
2048
2048
2048
2048
2048
2048
2048
2048
2048
2048
2048
2048
2048
2048
2048
2048
2048
2048
2048
2048
2048
2048
2048
2048
2048
2048
2048
2048
2048
2048
2048
2048
2048
2048
2048
2048
2048
2048
2048
2048
2048
2048
2048
2048
2048
2048
2048
2048
2048
2048
2048
2048
2048
2048
2048
2048
2048
2048
2048
2048
2048
2048
2048
2048
2048
2048
2048
2048
2048
2048
2048
2048
2048
2048
2048
2048
2048
2048
2048
2048
2048
2048
2048
2048
2048
2048
2048
2048
2048
2048
2048
2048
2048
2048
2048
2048
2048
2048
2048
2048
2048
2048
2048
2048
2048
2048
2048
2048
2048
2048
2048
2048
2048
2048
2048
2048
2048
2048
2048
2048
2048
2048
2048
2048
2048
2048
2048
2048
2048
2048
2048
2048
2048
2048
2048
2048
2048
2048
2048
2048
2048
2048
2048
2048
2048
2048
2048
2048
2048
2048
2048
2048
2048
2048
2048
2048
2048
2048
2048
2048
2048
2048
2048
2048
2048
2048
2048
2048
2048
2048
2048
2048
2048
2048
2048
2048
2048
2048
2048
2048
2048
2048
2048
2048
2048
2048
2048
2048
2048
2048
2048
2048
2048
2048
2048
2048
2048
2048
2048
2048
2048
2048
2048
2048
2048
2048
2048
2048
2048
2048
2048
2048
2048
2048
2048
2048
2048
2048
2048
2048
2048
2048
2048
2048
2048
2048
2048
2048
2048
2048
2048
2048
2048
2048
2048
2048
2048
2048
2048
