1
1
1
1
1
1
1
1
1
1
1
1
1
1
1
1
1
1
1
1
1
1
1
1
1
1
1
1
1
1
1
1
1
1
1
1
1
1
1
1
1
1
1
1
1
1
1
1
1
1
1
1
1
1
1
1
1
1
1
1
1
1
1
1
1
1
1
1
1
1
1
1
1
1
1
1
1
1
1
1
1
1
1
1
1
1
1
1
1
1
1
1
1
1
1
1
2150
2162
2174
3569
3576
3583
3657
3664
3671
3693
3698
3703
3722
3725
3728
3731
3734
3759
3761
3764
3817
3822
3827
3854
3310
3308
3306
3274
3271
3269
3265
3262
3259
3259
3257
3254
3254
3254
3254
3252
3249
3247
3245
3242
3240
3237
3234
3231
3228
3225
3225
3225
3225
3220
3215
3210
619
613
608
417
403
388
373
359
344
333
322
310
299
288
276
265
254
242
231
220
212
203
195
187
179
171
163
154
146
138
130
122
114
105
97
89
81
66
52
37
1
1
1
1
1
1
1
1
1
1
1
1
1
1
1
1
1
1
1
1
1
1
1
1
1
1
1
1
1
1
1
1
1
1046
1057
1068
1079
1090
1101
1112
1122
1133
1143
1153
1163
1171
1178
1185
1193
1200
1617
1622
1627
1668
1675
1683
1690
1696
1702
1708
1714
1720
1727
1738
1749
1751
1753
1753
1770
1775
1780
1785
1785
1785
1785
1789
1793
1797
1801
1805
1809
1813
1817
1821
1825
1829
1832
1835
1838
1841
1844
1847
1850
1853
1856
1859
1862
1866
1880
1895
1897
1900
1902
1905
1907
1909
1912
1914
1917
1921
1925
1929
1933
1937
1941
1945
1949
1953
1962
1971
1980
1988
1997
2000
2003
2006
2009
2012
2015
2019
2022
2025
2028
2031
2034
2037
2041
2045
2048
2051
2055
2058
2062
2066
2069
2073
2077
2080
2084
2087
2089
2092
2095
2098
2100
2103
2106
2109
2112
2116
2119
2122
2125
2129
2132
2135
2138
2140
2143
2146
2150
2153
2157
2161
2164
2168
2172
2174
2177
2179
2182
2184
2186
2189
2191
2194
2197
2200
2203
2205
2208
2211
2213
2216
2218
2221
2223
2223
2225
2228
2230
2233
2235
2238
2240
2243
2245
2246
2248
2249
2250
2251
2253
2254
2255
2257
2258
2259
2260
2262
2263
2264
2266
2267
2270
2272
2275
2278
2280
2283
2285
2288
2291
2293
2296
2299
2301
2304
2307
2309
2312
2315
2317
2320
2323
2325
2328
2330
2333
2335
2338
2340
2342
2345
2347
2350
2352
2355
2357
2360
2362
2365
2368
2371
2374
2377
2379
2381
2384
2386
2389
2391
2394
2396
2399
2401
2403
527
528
530
531
533
534
537
539
542
544
547
549
554
559
564
566
569
571
576
581
586
590
595
600
608
615
617
620
622
629
637
644
666
673
681
690
693
695
698
700
703
728
732
739
746
754
764
766
768
778
778
781
783
785
788
790
793
795
798
805
812
832
837
842
893
900
907
912
917
922
949
954
959
988
995
1002
1005
1008
1011
1013
1016
1019
1022
1024
1050
1054
1059
1063
1067
1071
1075
1079
1083
1086
1088
1091
1094
1097
1099
1102
1105
1111
1117
1123
1129
1135
1141
1195
1198
1200
1225
1227
1230
1233
1236
1238
1241
1244
1266
1273
1280
1288
1295
1302
1306
1310
1313
1317
1321
1324
1350
1354
1357
1361
1365
1368
1372
1376
1412
1419
1427
1429
1432
1434
1444
1454
1463
1690
1697
1705
1716
1727
1731
1736
1741
2594
2595
2596
2598
2601
2603
2606
2608
2611
2613
2616
2618
2621
2624
2627
2630
2633
2635
2637
2640
2642
2645
2684
2689
2694
2694
2698
2703
2708
2713
2718
2723
2728
2733
2739
2745
2751
2756
2762
2768
2774
2779
2785
2791
2797
2802
2808
2811
2813
2816
2818
2821
2823
2826
2828
2831
2834
2836
2839
2841
2844
2846
2849
2851
2854
2856
2859
2862
2864
2867
2870
2873
2876
2879
2882
2885
2888
2891
2894
2897
2900
2903
2906
2909
2912
2915
2918
2923
2927
2932
2937
2941
2946
2951
2955
2960
2965
2970
2974
2979
2984
2986
2989
2992
2995
2997
3000
3003
3006
3009
3012
3015
3019
3022
3025
3028
3032
3035
3038
3042
3045
3048
3051
3055
3058
3061
3065
3068
3071
3074
3076
3079
3081
3084
3086
3089
3091
3093
3096
3098
3101
3103
3106
3109
3112
3114
3117
3120
3123
3128
3132
3137
3140
3142
3145
3145
3147
3149
3152
3163
3174
3176
3179
3181
3184
3186
3196
3198
3201
3203
3205
3207
3209
3210
3212
3214
3216
3218
3220
3221
3223
3225
3227
3229
3230
3232
3234
3236
3238
3240
3241
3242
3243
3245
3246
3247
3249
3250
3251
3253
3254
3255
3256
3258
3259
3260
3262
3263
3264
3265
3266
3267
3268
3269
3270
3271
3273
3274
3275
3276
3277
3278
3279
3280
3281
3282
3284
3285
3286
3288
3289
3291
3292
3293
3295
3296
3298
3299
3301
3302
3303
3305
3306
3308
3309
3310
3312
3313
3315
3316
3318
3319
3320
3322
3323
3325
3326
3327
3329
3330
3331
3332
3333
3335
3336
3337
3338
3339
3340
3342
3343
3344
3345
3346
3347
3349
3350
3351
3352
3353
3355
3356
3357
3358
3359
3359
3360
3362
3363
3364
3365
3366
3367
3369
3370
3371
3372
3373
3374
3375
3377
3378
3379
3380
3381
3382
3383
3385
3386
3387
3388
3389
3390
3391
3393
3394
3395
3396
3397
3398
3399
3401
3402
3403
3404
3405
3406
3407
3409
3410
3411
3412
3413
3414
3415
3416
3418
3419
3420
3421
3422
3423
3424
3426
3427
3428
3429
3430
3431
3432
3434
3435
3436
3437
3438
3439
3440
3442
3443
3444
3445
3446
3447
3448
3449
3451
3452
3453
3454
3455
3457
3458
3459
3460
3461
3462
3464
3465
3466
3467
3468
3470
3471
3472
3473
3474
3476
3477
3478
3479
3480
3482
3483
3484
3485
3486
3487
3489
3490
3491
3492
3493
3495
3496
3497
3498
3499
3501
3502
3503
3504
3505
3506
3507
3508
3508
3509
3510
3511
3512
3512
3513
3514
3515
3516
3517
3518
3519
3520
3521
3522
3523
3524
3525
3529
3532
3536
3540
3543
3547
3551
3554
3555
3557
3558
3559
3560
3562
3564
3566
3569
637
637
637
637
637
637
637
637
637
637
637
637
637
637
637
637
636
636
636
636
636
636
636
636
636
636
636
1390
1397
1405
1412
1419
1427
1434
1439
1445
1450
1456
1461
1467
1472
1478
1482
1486
1491
1495
1499
1503
1508
1512
1516
1521
1525
1529
1549
1568
1588
1593
1599
1605
1611
1616
1622
1628
1634
1639
1645
1651
1657
1662
1668
1674
1681
1687
1694
1700
1706
1713
1719
1736
1753
1770
1780
1790
1800
1804
1809
1813
1818
1823
1827
1832
1836
1848
1848
1861
1895
1900
1905
1931
1935
1939
1942
1946
1950
1968
1973
1978
1990
2000
2009
2019
2030
2048
2052
2057
2062
2065
2067
2077
2079
2082
2091
2101
2111
2121
2130
2140
2164
2169
2173
2178
2182
2186
2191
2196
2223
2225
2228
2230
2235
2240
2260
2264
2268
2273
2277
2282
2286
2291
2296
2303
2311
2318
2325
2333
2347
2350
2352
2355
2357
2360
2369
2374
2379
2391
2402
2420
2428
2435
2479
2483
2486
2490
2494
2497
2523
2528
2533
2545
2550
2555
2574
2585
2596
2598
2601
2603
2606
2608
2611
629
629
629
629
629
629
629
629
629
629
629
629
629
629
629
629
629
629
629
628
628
628
628
628
628
628
628
628
628
628
628
628
628
628
628
628
628
628
628
628
628
628
628
628
627
627
627
627
627
627
627
627
627
627
627
627
627
627
627
627
627
627
627
627
627
627
627
627
627
626
626
626
626
626
626
626
626
626
626
626
626
626
626
626
626
626
626
626
626
626
626
626
626
625
625
625
625
625
625
625
625
625
625
625
625
625
625
625
625
625
625
625
625
625
625
625
625
624
624
624
624
624
624
624
624
624
624
624
624
624
624
624
624
624
624
624
624
624
624
624
624
623
623
623
623
623
623
623
623
623
623
623
623
623
623
623
623
623
623
623
623
623
623
623
623
623
622
622
622
622
622
622
622
622
622
622
2328
2328
2327
2326
2325
2325
2324
2323
2322
2322
2321
2320
2320
2319
2318
2317
2317
2316
2315
2314
2314
2313
2312
2311
2311
2310
2309
2309
2308
2307
2306
2306
2305
2304
2303
2303
2302
2301
2301
2300
2299
2298
2298
2297
2296
2295
2295
2294
2293
2292
2292
2291
2290
2290
2289
2288
2287
2287
2286
2285
2284
2284
2283
2282
2282
2281
2280
2279
2278
2277
2277
2276
2275
2274
2273
2272
2272
2271
2270
2269
2268
2267
2267
2266
2265
2264
2263
2263
2262
2261
2260
2259
2258
2258
2257
2256
2255
2254
2253
2253
2252
2251
2250
2249
2249
2248
2247
2246
2245
2244
2244
2243
2242
2241
2240
2239
2239
2239
2238
2237
2236
2235
2235
2234
2233
2232
2231
2230
2230
2229
2228
2227
2226
2225
2225
2224
2223
2222
2222
2221
2220
2220
2219
2218
2218
2217
2217
2216
2215
2215
2214
2213
2213
2212
2211
2211
2210
2209
2209
2208
2208
2207
2206
2206
2205
2204
2204
2203
2202
2202
2201
2200
2198
2197
2196
2194
2193
2191
2190
2189
2187
2186
2184
2183
2182
2180
2179
2178
2176
2175
2173
2172
2171
2169
2168
2166
2165
2164
2162
2161
2160
2158
2157
2155
2154
2153
2151
2150
2149
2148
2147
2146
2144
2143
2142
2141
2140
2139
2138
2137
2136
2135
2134
2133
2132
2130
2129
2128
2127
2126
2125
2124
2123
2122
2121
2120
2119
2118
2116
2115
2114
2113
2112
2111
2110
2109
2108
2108
2107
2106
2105
2104
2103
2102
2101
2100
2099
2098
2097
2096
2095
2094
2093
2092
2092
2091
2090
2089
2088
2087
2086
2085
2084
2083
2082
2081
2080
2079
2078
2077
2074
2072
2069
2067
2065
2062
2060
2057
2055
2052
2050
2048
1
1
1
1
1
1
1
1
1
1
1
1
1
1
1
1
1
1
1
1
1
1
1
1
1
1
1
1
1
1
1
1
1
1
1
1
1
1
1
1
1
1
1
1
1
1
1
1
1
1
1
1
1
1
1
1
1
1
1
1
1
1
1
1
1
1
1
1
1
1
1
1
1
1
1
1
1
1
1
1
1
1
1
1
1
1
1
1
3671
3676
3681
3708
3711
3722
3727
3732
3737
3742
3747
3752
3754
3757
3825
3530
3527
3525
3522
3520
3518
3514
3510
3509
3508
3507
3505
3504
3503
3503
3503
3503
3496
3488
3481
3469
3464
3459
3452
3444
3440
3435
3430
3426
3423
3419
3415
3412
3408
3405
3403
3401
3391
3381
3371
3349
3342
3335
3327
3320
2720
2713
2706
2698
2691
2684
1385
1351
1317
1024
1017
1010
946
942
937
885
878
871
864
856
794
790
787
783
779
776
739
732
725
488
471
454
443
432
421
410
399
388
377
366
354
342
330
317
305
293
181
156
132
115
98
81
72
63
55
46
37
1
1
1
1
1
1
1
1
1
1
1
1
1
1
1
1
1
1
1
1
1
1
1
1
1
1
1
1
1
1
1
1
1
1
1
1
1
1
1
1
1
1
1
1
1
1
1
1
1
1
1
1
1
1
1
1
1
1
1
1
1
1
1
1
1
1
1
1
1
1
1
1
1
1
1
1
1
1
1
1
1
1
1
1
1
1
1
1
1
1
1
1
1
1
1
1
1
1
1
1
1
1
1
1
1
1
1
1
1
