2176
2176
2176
2176
2176
2176
2176
2176
2176
2176
2176
2176
2176
2176
2176
2176
2176
2176
2176
2176
2176
2176
2176
2176
2176
2176
2176
2176
2176
2176
2176
2176
2176
2176
2176
2176
2176
2176
2176
2176
2176
2176
2176
2176
2176
2176
2176
2176
2176
2176
2176
2176
2176
2176
2176
2176
2176
2176
2176
2176
2176
2176
2176
2176
2176
2176
2176
2176
2176
2176
2176
2176
2176
2176
2176
2176
2176
2176
2176
2176
2176
2176
2176
2176
2176
2176
2176
2176
2176
2176
2176
2176
2176
2176
2176
2176
2176
2176
2176
2176
2176
2176
2176
2176
2176
2176
2176
2176
2176
2176
2176
2176
2176
2176
2176
2176
2176
2176
2176
2176
2176
2176
2176
2176
2176
2176
2176
2176
2176
2176
2176
2176
2176
2176
2176
2176
2176
2176
2176
2176
2176
2176
2176
2176
2176
2176
2176
2176
2176
2176
2176
2176
2176
2176
2176
2176
2176
2176
2176
2176
2176
2176
2176
2176
2176
2176
2176
2176
2176
2176
2176
2176
2176
2176
2176
2176
2176
2176
2176
2176
2176
2176
2176
2176
2176
2176
2176
2176
2176
2176
2176
2176
2176
2176
2176
2176
2176
2176
2176
2176
2176
2176
2176
2176
2176
2176
2176
2176
2176
2176
2176
2176
2176
2176
2176
2176
2176
2176
2176
2176
2176
2176
2176
2176
2176
2176
2176
2176
2176
2176
2176
2176
2176
2176
2176
2176
2176
2176
2176
2176
2176
2176
2176
2176
2176
2176
2176
2176
2176
2176
2176
2176
2176
2176
2176
2176
2176
2176
2176
2176
2176
2176
2176
2176
2176
2176
2176
2176
2176
2176
2176
2176
2176
2176
2176
2176
2176
2176
2176
2176
2176
2176
2176
2176
2176
2176
2176
2176
2176
2176
2176
2176
2176
2176
2176
2176
2176
2176
2176
2176
2176
2176
2176
2176
2176
2176
2176
2176
2176
2176
2176
2176
2176
2176
2176
2176
2176
2176
2176
2176
2176
2176
2176
2176
2176
2176
2176
2176
2176
2176
2176
2176
2176
2176
2176
2176
2176
2176
2176
2176
2176
2176
2176
2176
2176
2176
2176
2176
2176
2176
2176
2176
2176
2176
2176
2176
2176
2176
2176
2176
2176
2176
2176
2176
2176
2176
2176
2176
2176
2176
2176
2176
2176
2176
2176
2176
2176
2176
2176
2176
2176
2176
2176
2176
2176
2176
2176
2176
2176
2176
2176
2176
2176
2176
2176
2176
2176
2176
2176
2176
2176
2176
2176
2176
2176
2176
2176
2176
2176
2176
2176
2176
2176
2176
2176
2176
2176
2176
2176
2176
2176
2176
2176
2176
2176
2176
2176
2176
2176
2176
2176
2176
2176
2176
2176
2176
2176
2176
2176
2176
2176
2176
2176
2176
2176
2176
2176
2176
2176
2176
2176
2825
2827
2830
2832
2903
2905
2908
2910
2972
2974
2977
2979
2982
2984
2987
2989
3002
3007
3012
3017
3022
3026
3031
3036
3061
3067
3074
3081
3083
3085
3088
3090
3093
3095
3097
3100
3102
3105
3107
3110
3115
3120
3125
3130
3132
3135
3137
3140
3143
3145
3148
3150
3153
3156
3158
3161
3163
3166
3169
3172
3176
3180
3184
3187
3191
3195
3199
3203
3208
3213
3218
3223
3228
3233
3238
3240
3243
3246
3248
3251
3254
3257
3259
3262
3265
3268
3269
3270
3271
3272
3273
3274
3275
3277
3279
3282
3284
3287
3289
3292
3294
3297
3299
3302
3304
3307
3309
3312
3314
3317
3320
3323
3327
3328
3330
3331
3333
3334
3336
3338
3339
3341
3342
3344
3346
3348
3351
3353
3356
3358
3361
3363
3366
3367
3368
3370
3371
3373
3374
3376
3378
3381
3383
3386
3388
3391
3393
3396
3399
3403
3406
3410
3414
3417
3421
3425
3425
3425
3425
3425
3427
3430
3432
3435
3435
3436
3437
3438
3439
3440
3441
3442
3443
3444
3445
3447
3450
3452
3455
3457
3460
3462
3465
3466
3468
3470
3471
3473
3475
3477
3478
3480
3482
3484
3485
3486
3487
3489
3490
3491
3492
3494
3495
3496
3497
3499
3500
3501
3502
3504
3505
3506
3507
3509
3510
3511
3512
3514
3514
3514
3514
3514
3514
3514
3514
3514
3514
3514
3514
3514
3514
3514
3514
3516
3519
3521
3524
3524
3524
3525
3525
3526
3526
3527
3527
3528
3528
3529
3529
3530
3530
3531
3531
3532
3532
3533
3535
3538
3540
3543
3543
3544
3545
3546
3547
3548
3548
3549
3550
3551
3552
3553
3555
3558
3560
3563
3566
3569
3573
3570
3567
3564
3562
3559
3556
3553
3551
3548
3545
3542
3540
3537
3534
3531
3529
3526
3523
3520
3518
3515
3512
3509
3507
3504
3501
3498
3496
3493
3490
3487
3485
3482
3479
3476
3474
3471
3468
3466
3463
3460
3457
3455
3452
3449
3446
3444
3441
3438
3435
3433
3430
3427
3424
3422
3419
3416
3413
3411
3408
3405
3402
3400
3397
3394
3391
3389
3386
3383
3380
3378
3375
3372
3370
3367
3364
3361
3359
3356
3353
3350
3348
3345
3342
3339
3337
3334
3331
3328
3326
3323
3320
3317
3315
3312
3309
3306
3304
3301
3298
3295
3293
3290
3287
3284
3282
3279
3276
3274
3271
3268
3265
3263
3260
3257
3254
3252
3249
3246
3243
3241
3238
3235
3232
3230
3227
3224
3221
3219
3216
3213
3210
3208
3205
3202
3199
3197
3194
3191
3188
3186
3183
3180
3178
3175
3172
3169
3167
3164
3161
3158
3156
3153
3150
3147
3145
3142
3139
3136
3134
3131
3128
3125
3123
3120
3117
3114
3112
3109
3106
3103
3101
3098
3095
3092
3090
3087
3084
3082
3079
3076
3073
3071
3068
3065
3062
3060
3057
3054
3051
3049
3046
3043
3040
3038
3035
3032
3029
3027
3024
3021
3018
3016
3013
3010
3007
3005
3002
2999
2996
2994
2991
2988
2986
2983
2980
2977
2975
2972
2969
2966
2964
2961
2958
2955
2953
2950
2947
2944
2942
2939
2936
2933
2931
2928
2925
2922
2920
2917
2914
2911
2909
2906
2903
2900
2898
2895
2892
2890
2887
2884
2881
2879
2876
2873
2870
2868
2865
2862
2859
2857
2854
2851
2848
2846
2843
2840
2837
2835
2832
2829
2826
2824
2821
2818
2815
2813
2810
2807
2804
2802
2799
2796
2794
2791
2788
2785
2783
2780
2777
2774
2772
2769
2766
2763
2761
2758
2755
2752
2750
2747
2744
2741
2739
2736
2733
2730
2728
2725
2722
2719
2717
2714
2711
2708
2706
2703
2700
2697
2695
2692
2689
2687
2684
2681
2678
2676
2673
2670
2667
2665
2662
2659
2656
2654
2651
2648
2645
2643
2640
2637
2634
2632
2629
2626
2623
2621
2618
2615
2612
2610
2607
2604
2601
2599
2596
2593
2591
2588
2585
2582
2580
2577
2574
2571
2569
2566
2563
2560
2558
2555
2552
2549
2547
2544
2541
2538
2536
2533
2530
2527
2525
2522
2519
2516
2514
2511
2508
2505
2503
2500
2497
2495
2492
2489
2486
2484
2481
2478
2475
2473
2470
2467
2464
2462
2459
2456
2453
2451
2448
2445
2442
2440
2437
2434
2431
2429
2426
2423
2420
2418
2415
2412
2409
2407
2404
2401
2399
2396
2393
2390
2388
2385
2382
2379
2377
2374
2371
2368
2366
2363
2360
2357
2355
2352
2349
2346
2344
2341
2338
2335
2333
2330
2327
2324
2322
2319
2316
2313
2311
2308
2305
2303
2300
2297
2294
2292
2289
2286
2283
2281
2278
2275
2272
2270
2267
2264
2261
2259
2256
2253
2250
2248
2245
2242
2239
2237
2234
2231
2228
2226
2223
2220
2217
2215
2212
2209
2207
2204
2201
2198
2196
2193
2190
2187
2185
2182
2179
2176
2174
2171
2168
2165
2163
2160
2157
2154
2152
2149
2146
2143
2141
2138
2135
2132
2130
2127
2124
2121
2119
2116
2113
2111
2108
2105
2102
2100
2097
2094
2091
2089
2086
2083
2080
2078
2075
2072
2069
2067
2064
2061
2058
2056
2053
2050
2047
2045
2042
2039
2036
2034
2031
2028
2025
2023
2020
2017
2015
2012
2009
2006
2004
2001
1998
1995
1993
1990
1987
1984
1982
1979
1976
1973
1971
1968
1965
1962
1960
1957
1954
1951
1949
1946
1943
1940
1938
1935
1932
1929
1927
1924
1921
1919
1919
1919
1919
1919
1919
1919
1919
1919
1919
1919
1919
1919
1920
1921
1923
1924
1926
1927
1929
1928
1928
1928
1928
1927
1927
1927
1927
1926
1926
1926
1926
1925
1925
1925
1925
1924
1924
1924
1924
1923
1923
1923
1923
1922
1922
1922
1922
1921
1921
1921
1921
1920
1920
1920
1920
1919
1919
1919
1919
1918
1918
1918
1918
1917
1917
1917
1917
1917
1916
1916
1916
1916
1915
1915
1915
1915
1914
1914
1914
1914
1913
1913
1913
1913
1912
1912
1912
1912
1911
1911
1911
1911
1910
1910
1910
1910
1909
1909
1909
1909
1908
1908
1908
1908
1907
1907
1907
1907
1906
1906
1906
1906
1906
1905
1905
1905
1905
1904
1904
1904
1904
1903
1903
1903
1903
1902
1902
1902
1902
1901
1901
1901
1901
1900
1900
1900
1900
1899
1899
1899
1899
1898
1898
1898
1898
1897
1897
1897
1897
1896
1896
1896
1896
1895
1895
1895
1895
1894
1894
1894
1894
1894
1893
1893
1893
1893
1892
1892
1892
1892
1891
1891
1891
1891
1890
1890
1890
1890
1889
1889
1889
1889
1888
1888
1888
1888
1887
1887
1887
1887
1886
1886
1886
1886
1885
1885
1885
1885
1884
1884
1884
1884
1883
1883
1883
1883
1883
1882
1882
1882
1882
1881
1881
1881
1881
1880
1880
1880
1880
1879
1879
1879
1879
1878
1878
1878
1878
1877
1877
1877
1877
1876
1876
1876
1876
1875
1875
1875
1875
1874
1874
1874
1874
1873
1873
1873
1873
1872
1872
1872
1872
1871
1871
1871
1871
1871
1870
1870
1870
1870
1869
1869
1869
1869
1868
1868
1868
1868
1867
1867
1867
1867
1866
1866
1866
1866
1865
1865
1865
1865
1864
1864
1864
1864
1863
1863
1863
1863
1862
1862
1862
1862
1861
1861
1861
1861
1830
1825
1820
1815
1811
1806
1801
1796
1752
1744
1737
1729
1673
1665
1658
1650
1643
1638
1633
1628
1624
1618
1612
1606
1601
1595
1589
1584
1580
1577
1574
1571
1568
1565
1562
1559
1556
1553
1550
1547
1544
1541
1538
1525
1517
1510
1503
1496
1488
1481
1473
1466
1459
1453
1447
1439
1432
1424
1417
1414
1412
1409
1407
1404
1402
1399
1397
1392
1387
1382
1368
1363
1358
1353
1309
1304
1300
1296
1291
1287
1283
1260
1255
1250
1245
1240
1237
1235
1232
1122
1117
1113
1109
1104
1100
1096
1091
1087
1083
1078
1074
1070
1065
1061
1057
1043
1036
1029
1022
1015
1008
1001
866
863
861
858
807
802
797
792
787
784
782
779
777
772
767
762
757
754
752
750
748
745
743
740
738
735
732
729
726
723
720
718
715
713
710
708
705
703
700
698
697
696
695
695
694
693
692
692
691
690
689
689
687
685
683
681
679
677
675
673
671
669
667
665
663
661
659
659
659
659
659
656
654
651
649
647
646
644
643
641
640
639
636
634
631
629
626
624
622
619
617
614
612
610
607
605
602
600
599
598
597
596
595
595
594
593
592
591
590
590
586
583
580
577
575
572
570
568
565
563
561
559
557
556
554
552
551
549
547
546
544
542
541
536
531
526
521
517
514
511
508
506
503
501
499
496
494
492
489
487
484
482
1920
1920
1920
1920
1920
1920
1920
1920
1920
1920
1920
1920
1920
1920
1920
1920
1920
1920
1920
1920
1920
1920
1920
1920
1920
1920
1920
1920
1920
1920
1920
1920
1920
1920
1920
1920
1920
1920
1920
1920
1920
1920
1920
1920
1920
1920
1920
1920
1920
1920
1920
1920
1920
1920
1920
1920
1920
1920
1920
1920
1920
1920
1920
1920
1920
1920
1920
1920
1920
1920
1920
1920
1920
1920
1920
1920
1920
1920
1920
1920
1920
1920
1920
1920
1920
1920
1920
1920
1920
1920
1920
1920
1920
1920
1920
1920
1920
1920
1920
1920
1920
1920
1920
1920
1920
1920
1920
1920
1920
1920
1920
1920
1920
1920
1920
1920
1920
1920
1920
1920
1920
1920
1920
1920
1920
1920
1920
1920
1920
1920
1920
1920
1920
1920
1920
1920
1920
1920
1920
1920
1920
1920
1920
1920
1920
1920
1920
1920
1920
1920
1920
1920
1920
1920
1920
