4095
4095
0
2062
4095
4095
4095
4095
2064
2048
2049
2050
0
2048
0
2050
2052
2064
4095
4095
0
2062
2118
2007
2153
1957
2133
1954
2148
1940
2131
1945
2146
1944
2133
1951
2136
1951
2124
1937
2116
1929
2088
1895
2071
1862
2019
1791
1968
1735
1922
1685
1890
1645
1855
1610
1829
1577
1792
1547
1769
1555
1748
1540
1742
1615
1826
1719
1864
1745
1877
1797
1882
1811
1915
1848
1924
1855
1924
1872
1957
1887
1956
1903
1977
1923
1993
1949
2013
1973
2027
1997
2043
2016
2057
2044
2079
2059
2097
2084
2117
2093
2134
2111
2139
2108
2148
2114
2147
2101
2144
2087
2130
2051
2092
2013
2054
1953
2011
1909
1987
1885
1961
1857
1938
1824
1917
1793
1899
1782
1891
1768
1914
1859
2006
1941
2036
1950
2042
1989
2058
2013
2065
2042
2085
2060
2076
2071
2088
2086
2090
2101
2113
2126
2131
2148
2152
2169
2173
2194
2191
2220
2214
2252
2231
2289
2248
2308
2256
2332
2264
2336
2272
2348
2284
2353
2279
2355
2280
2346
2269
2336
2253
2317
2233
2280
2184
2232
2140
2210
2113
2195
2078
2161
2054
2147
2030
2131
2042
2144
2076
2210
2141
2250
2162
2264
2177
2292
2192
2302
2207
2336
2220
2342
2223
2360
2231
2367
2237
2385
2258
2408
2276
2425
2294
2449
2312
2462
2334
2492
2351
2511
2348
2517
2358
2507
2325
2486
2320
2444
2331
2440
2349
2429
2364
2441
2391
2465
2388
2465
2373
2464
2337
2425
2294
2396
2265
2372
2214
2329
2175
2294
2136
2239
2097
2209
2112
2195
2092
2200
2148
2215
2263
2352
2280
2434
2305
2447
2318
2489
2333
2503
2349
2532
2364
2545
2381
2573
2400
2593
2421
2624
2441
2643
2465
2672
2496
2695
2520
2716
2546
2730
2563
2740
2581
2734
2589
2733
2601
2737
2606
2718
2604
2717
2607
2702
2599
2685
2594
2695
2578
2684
2565
2644
2507
2590
2460
2564
2429
2530
2396
2512
2388
2500
2386
2520
2424
2566
2460
2596
2492
2623
2514
2649
2530
2671
2546
2694
2568
2718
2593
2740
2604
2745
2625
2770
2639
2791
2665
2823
2687
2849
2707
2880
2730
2902
2762
2920
2778
2920
2794
2927
2804
2909
2817
2904
2826
2897
2836
2893
2842
2886
2831
2876
2835
2883
2820
2894
2803
2861
2771
2850
2737
2793
2661
2738
2627
2714
2594
2686
2569
2678
2554
2688
2598
2723
2617
2749
2640
2766
2651
2794
2657
2810
2655
2833
2675
2856
2699
2878
2696
2891
2719
2912
2733
2945
2764
2980
2784
3008
2803
3036
2832
3055
2847
3079
2880
3079
2895
3088
2912
3084
2920
3080
2941
3078
2942
3071
2946
3085
2943
3089
2940
3083
2929
3084
2910
3072
2883
3051
2849
3008
2794
2943
2730
2899
2694
2885
2682
2869
2677
2889
2698
2917
2725
2935
2737
2954
2741
2963
2755
2976
2738
3003
2730
2999
2779
3021
2802
3045
2809
3070
2813
3082
2824
3095
2843
3127
2852
3142
2849
3137
2860
3108
2857
3105
2851
3087
2854
3064
2857
3051
2869
3065
2889
3104
2923
3121
2932
3170
2929
3174
2913
3171
2904
3159
2876
3141
2858
3126
2819
3083
2760
3029
2704
3020
2692
3003
2670
3020
2677
3037
2676
3042
2682
3053
2691
3065
2695
3075
2697
3086
2711
3102
2722
3132
2742
3139
2739
3147
2742
3152
2755
3175
2777
3190
2787
3209
2809
3196
2820
3217
2839
3214
2841
3206
2849
3201
2848
3211
2858
3215
2861
3231
2873
3240
2867
3240
2861
3242
2848
3228
2826
3212
2800
3187
2767
3165
2737
3128
2679
3067
2608
3019
2576
3001
2552
3003
2549
3011
2552
3031
2568
3042
2571
3057
2578
3066
2579
3072
2589
3087
2599
3102
2613
3101
2616
3109
2626
3108
2633
3126
2645
3129
2670
3147
2678
3150
2694
3162
2704
3164
2716
3180
2723
3191
2727
3182
2729
3187
2727
3187
2720
3173
2701
3170
2686
3147
2661
3138
2630
3126
2597
3101
2559
3078
2510
3054
2464
3004
2394
2953
2344
2930
2332
2930
2332
2935
2332
2942
2345
2949
2346
2961
2363
2971
2365
2990
2377
2995
2385
3017
2393
3014
2394
3019
2396
3013
2396
3019
2421
3030
2434
3041
2454
3042
2464
3049
2493
3071
2502
3084
2507
3086
2511
3081
2503
3067
2495
3066
2493
3065
2475
3045
2437
3022
2383
2990
2316
2928
2252
2871
2183
2805
2141
2748
2091
2710
2068
2673
2044
2649
2057
2640
2058
2684
2053
2685
2053
2691
2052
2689
2060
2692
2057
2700
2061
2702
2060
2709
2055
2682
2056
2675
2081
2648
2100
2722
2108
2770
2108
2765
2100
2782
2089
2801
2057
2806
2048
2811
2015
2812
1991
2796
1964
2815
1952
2786
1923
2783
1913
2769
1887
2754
1869
2725
1838
2696
1810
2655
1775
2616
1751
2578
1725
2543
1708
2510
1676
2467
1660
2438
1641
2412
1634
2395
1620
2382
1600
2377
1588
2421
1554
2507
1533
2514
1508
2535
1499
2539
1491
2520
1474
2506
1460
2480
1448
2476
1448
2463
1434
2470
1429
2443
1411
2439
1397
2412
1389
2401
1379
2375
1377
2360
1372
2371
1369
2357
1352
2351
1330
2336
1290
2308
1240
2287
1200
2260
1165
2225
1133
2207
1099
2193
1066
2162
1033
2146
1005
2132
992
2131
978
2123
963
2119
942
2113
935
2093
920
2075
913
2035
911
2009
910
1952
903
1912
889
1881
874
1846
871
1812
867
1773
991
1737
1060
1702
1052
1714
1092
1678
1116
1676
1168
1664
1181
1649
1194
1631
1198
1597
1197
1574
1183
1537
1170
1509
1151
1474
1130
1453
1096
1421
966
1391
908
1360
874
1340
838
1324
815
1312
797
1296
777
1278
769
1253
755
1235
763
1209
851
1189
882
1167
896
1157
909
1140
935
1137
972
1123
986
1112
970
1106
944
1170
960
1159
960
1154
978
1163
1022
1151
1075
1128
1102
1115
1126
1105
1125
1109
1125
1111
1102
1094
1071
1065
1048
1040
1035
1015
1035
976
1030
924
1035
872
1021
799
1020
738
1003
689
1005
645
990
602
985
571
965
539
959
512
961
523
994
523
1065
535
1126
510
1143
523
1191
511
1197
502
1203
473
1213
475
1224
624
1241
669
1251
665
1260
681
1270
693
1283
698
1296
721
1303
727
1315
727
1322
739
1326
721
1337
724
1349
716
1345
693
1338
667
1337
647
1316
624
1313
607
1303
595
1293
570
1278
552
1266
509
1255
483
1237
463
1235
450
1218
446
1220
452
1240
500
1307
566
1375
605
1404
634
1429
666
1455
681
1460
668
1467
683
1472
683
1477
678
1491
699
1497
716
1510
714
1525
732
1529
730
1545
742
1558
753
1576
763
1574
769
1584
769
1574
762
1579
765
1576
764
1571
766
1574
759
1563
739
1558
730
1542
707
1528
683
1519
667
1507
650
1496
629
1483
617
1473
603
1467
607
1470
609
1498
693
1566
765
1610
789
1632
829
1647
847
1661
860
1666
870
1664
875
1656
887
1659
901
1657
920
1657
936
1657
952
1664
972
1684
1005
1689
1020
1708
1039
1710
1052
1715
1063
1723
1074
1730
1086
1738
1097
1741
1100
1747
1091
1720
1075
1693
1041
1652
1011
1624
977
1592
944
1561
898
1537
875
1503
831
1485
821
1474
831
1479
828
1487
840
1545
916
1580
1013
1542
1027
1497
1008
1454
976
1441
955
1450
945
1509
946
1558
1034
1558
1114
1577
1153
1581
1187
1596
1209
1600
1244
1617
1269
1622
1302
1638
1331
1645
1353
1649
1375
1657
1385
1660
1397
1654
1396
1643
1387
1634
1377
1620
1369
1600
1344
1577
1328
1554
1307
1531
1285
1505
1282
1482
1254
1463
1250
1437
1238
1420
1225
1394
1226
1402
1237
1435
1299
1477
1335
1518
1369
1546
1397
1572
1421
1580
1443
1600
1456
1595
1476
1609
1486
1618
1513
1638
1535
1658
1556
1685
1570
1707
1601
1712
1613
1723
1629
1733
1644
1740
1657
1753
1682
1758
1684
1758
1687
1753
1689
1755
1695
1750
1676
1746
1671
1753
1670
1729
1629
1724
1628
1699
1613
1685
1584
1658
1569
1645
1553
1618
1537
1607
1528
1593
1522
1606
1555
1630
1594
1681
1636
1712
1677
1762
1718
1784
1746
1815
1778
1830
1793
1833
1802
1849
1818
1866
1836
1878
1857
1907
1891
1927
1906
1944
1917
1972
1942
1983
1955
2003
1965
2017
1985
2026
1986
2036
2006
2035
1996
2035
2015
2033
2015
2034
1996
2039
2006
2030
1988
2027
1969
2016
1948
1995
1916
1981
1894
1960
1863
1943
1838
1933
1830
1928
1819
1932
1824
1951
1862
1980
1902
2027
1948
2056
1973
2085
2004
2102
2018
2123
2049
2132
2056
2115
2047
2108
2024
2100
1988
2151
1994
2202
2056
2223
2071
2248
2101
2269
2119
2292
2148
2296
2149
2300
2178
2294
2189
2270
2165
2268
2155
2254
2136
2278
2127
2292
2127
2318
2123
2327
2107
2334
2110
2317
2081
2297
2070
2274
2037
2256
2011
2240
1999
2238
1992
2234
1988
2242
1990
2250
2005
2282
2025
2318
2058
2354
2076
2386
2106
2416
2130
2449
2159
2480
2175
2497
2177
2508
2189
2524
2192
2545
2221
2563
2246
2578
2255
2598
2291
2617
2327
2628
2335
2629
2341
2640
2357
2638
2363
2649
2375
2645
2375
2656
2375
2660
2375
2666
2366
2666
2362
2675
2353
2674
2338
2665
2307
2646
2277
2634
2253
2613
2225
2602
2215
2600
2202
2602
2219
2618
2242
2636
2267
2675
2300
2705
2324
2736
2339
2760
2347
2777
2348
2803
2355
2824
2376
2845
2375
2848
2384
2847
2381
2848
2405
2866
2447
2871
2455
2878
2483
2884
2498
2875
2509
2883
2522
2880
2532
2883
2548
2880
2554
2881
2552
2892
2562
2906
2565
2900
2575
2914
2581
2907
2591
2913
2590
2906
2588
2910
2582
2900
2551
2877
2546
2878
2542
2882
2546
2873
2549
2879
2549
2886
2565
2916
2587
2930
2591
2955
2597
2972
2601
2997
2610
3021
2621
3042
2631
3055
2634
3070
2662
3075
2669
3066
2669
3061
2683
3055
2691
3050
2697
3047
2716
3048
2721
3034
2733
3031
2728
3032
2741
3036
2754
3028
2765
3026
2770
3014
2750
3005
2735
2990
2698
2993
2686
2995
2680
3004
2676
3017
2684
3014
2683
3008
2669
2998
2673
2998
2682
2982
2691
2968
2694
2951
2701
2919
2670
2900
2635
2880
2597
2916
2586
3011
2656
3050
2715
3068
2737
3083
2755
3081
2753
3071
2764
3055
2753
3040
2762
3029
2760
3025
2768
3017
2770
3011
2780
3005
2785
3014
2814
3016
2825
3019
2846
3026
2859
3034
2873
3033
2875
3043
2886
3055
2900
3064
2908
3065
2907
3063
2900
3049
2900
3046
2884
3021
2859
2994
2834
2965
2811
2946
2795
2928
2791
2941
2789
2948
2806
2969
2815
2983
2826
2996
2841
3006
2852
3010
2861
3016
2864
3007
2873
3005
2866
2991
2862
2972
2851
2959
2850
2938
2837
2930
2848
2929
2867
2938
2873
2935
2880
2950
2903
2936
2903
2944
2911
2941
2920
2947
2920
2957
2941
2962
2953
2963
2972
2964
2969
2951
2970
2940
2963
2917
2939
2899
2926
2886
2897
2867
2872
2849
2837
2823
2815
2817
2791
2805
2780
2802
2763
2809
2766
2814
2780
2813
2780
2806
2778
2802
2785
2800
2791
2802
2793
2794
2790
2780
2777
2775
2776
2751
2768
2751
2790
2752
2800
2752
2817
2750
2823
2749
2840
2751
2852
2749
2860
2760
2875
2767
2891
2772
2903
2789
2918
2786
2923
2794
2931
2788
2926
2781
2920
2767
2901
2757
2889
2742
2868
2726
2843
2698
2806
2666
2753
2631
2702
2609
2674
2598
2649
2588
2631
2575
2614
2549
2592
2536
2579
2519
2555
2525
2554
2524
2546
2518
2548
2520
2546
2523
2544
2520
2560
2502
2559
2471
2560
2454
2553
2436
2545
2419
2542
2406
2531
2375
2532
2373
2541
2359
2563
2362
2595
2362
2623
2373
2660
2371
2662
2370
2664
2364
2672
2364
2675
2359
2667
2348
2653
2334
2626
2319
2595
2312
2567
2291
2532
2271
2488
2250
2449
2223
2397
2200
2363
2174
2317
2162
2303
2149
2287
2125
2300
2101
2330
2085
2373
2054
2401
