4095
4095
4095
2050
4095
4095
4095
4095
2064
2048
2049
2050
4095
2048
4095
2048
2052
2064
4095
4095
4095
2050
2113
1975
2178
1922
2007
1727
1717
1414
1794
1687
1954
1877
2050
2028
2194
2143
2000
1870
1899
1765
2071
2035
2153
2175
2304
2379
2348
2437
2128
2221
2122
2274
2293
2454
2374
2595
2450
2594
2435
2557
2179
2307
2288
2453
2510
2760
2632
2884
2800
2949
2655
2778
2531
2692
2688
2872
2859
3066
2999
3165
3083
3142
2855
2970
2761
2919
2888
3140
3022
3299
3191
3415
3173
3347
2936
3187
2908
3195
3046
3400
3070
3397
3160
3433
3109
3447
2879
3311
2885
3394
2986
3517
3057
3542
3126
3598
2899
3423
2703
3297
2761
3418
2847
3450
2926
3531
2847
3456
2512
3255
2426
3214
2505
3317
2579
3334
2653
3400
2311
3093
2043
2845
2067
2885
2094
2912
2057
3041
1853
2977
1676
2738
1499
2507
1370
2644
1255
2598
1202
2486
1058
2386
772
2199
627
2122
540
1889
697
1616
953
1510
819
1257
435
1104
476
925
636
872
731
867
826
815
717
506
664
145
804
42
1008
151
1061
339
1135
309
1086
154
989
0
1179
187
1335
314
1385
343
1453
409
1387
297
1315
208
1474
429
1570
588
1557
691
1673
841
1483
629
1345
514
1335
636
1389
803
1510
1086
1535
1208
1409
1082
1239
1008
1369
1177
1520
1373
1617
1495
1683
1598
1610
1488
1493
1398
1636
1589
1843
1802
1940
1912
2064
2011
1970
1903
1928
1775
2055
1976
2198
2035
2321
2148
2376
2201
2364
2069
2309
1986
2466
2108
2689
2270
2772
2395
2855
2493
2821
2361
2787
2288
2955
2429
3101
2504
3112
2642
3150
2724
3156
2726
3125
2703
3245
2767
3371
2842
3335
2923
3301
2952
3292
2871
3239
2862
3221
2832
3385
2967
3284
2996
3329
3113
3353
3150
3223
3030
3268
3067
3267
3103
3188
3105
3223
3200
3197
3223
3062
3044
3029
2985
3000
3007
2946
3040
2994
3163
2982
3159
2824
2919
2676
2725
2659
2702
2524
2684
2454
2776
2455
2862
2327
2596
2174
2400
1985
2502
1798
2548
1729
2604
1598
2516
1334
2284
1163
2219
1013
2194
1045
2137
1230
2079
1024
1925
728
1731
637
1624
771
1477
865
1495
967
1523
984
1280
764
1025
771
874
981
747
1140
817
1169
921
1186
732
1100
336
1060
195
1284
523
1428
760
1459
743
1479
747
1373
655
1402
767
1587
1008
1698
1209
1693
1255
1695
1296
1531
1228
1485
1224
1543
1460
1545
1493
1601
1652
1567
1728
1464
1649
1465
1686
1646
1925
1657
2028
1651
2030
1707
2115
1675
2022
1703
2026
1856
2240
1929
2344
1966
2365
2085
2475
2088
2414
2123
2402
2212
2557
2215
2522
2334
2662
2388
2661
2403
2523
2442
2553
2576
2649
2663
2738
2743
2879
2895
3004
2890
2856
2851
2767
2966
2890
3030
2944
3113
3103
3199
3172
3147
3057
3084
2985
3207
3029
3229
3048
3314
3138
3303
3168
3225
2995
3175
2930
3168
2888
3281
2924
3278
2998
3340
3091
3259
2998
3156
2824
3168
2820
3173
2841
3127
2921
3161
3011
3087
3002
2917
2782
2879
2660
2847
2661
2787
2732
2802
2829
2770
2762
2659
2559
2454
2277
2396
2232
2236
2270
2164
2336
2148
2389
2068
2218
1926
1967
1725
1958
1484
2130
1323
2143
1304
2124
1138
1969
921
1832
740
1820
611
1892
611
1793
750
1654
644
1469
400
1378
297
1272
282
1179
338
1134
486
997
509
908
552
720
486
511
470
360
656
208
724
114
806
183
863
185
896
91
858
0
992
13
1023
158
1144
308
1258
508
1265
525
1160
427
1247
451
1318
658
1289
749
1428
853
1373
938
1309
832
1261
838
1317
1036
1382
1201
1456
1291
1522
1371
1521
1379
1390
1277
1436
1425
1555
1572
1637
1616
1717
1740
1761
1787
1696
1736
1753
1792
1909
1973
2023
2025
2119
2191
2146
2206
2160
2169
2124
2160
2262
2238
2436
2435
2553
2536
2625
2613
2644
2578
2626
2474
2714
2572
2861
2715
2906
2803
2981
2875
2945
2876
2956
2792
2988
2777
3144
2905
3168
2969
3216
3003
3271
2966
3210
2890
3201
2762
3302
2849
3266
2893
3330
2865
3356
2891
3366
2866
3351
2870
3322
2877
3269
2890
3213
2843
3240
2900
3272
3019
3236
3023
3142
2939
3094
2864
2986
2848
2961
2893
3026
3004
3018
2999
2858
2857
2703
2690
2621
2623
2516
2684
2488
2766
2445
2780
2312
2662
2129
2468
1975
2429
1830
2610
1761
2648
1637
2600
1476
2486
1281
2276
1147
2244
1086
2326
1114
2246
1094
2135
957
2049
811
1934
767
1848
771
1782
798
1665
874
1529
882
1571
894
1403
832
1196
907
1104
1004
899
1072
785
1148
886
1228
893
1233
699
1242
533
1293
454
1405
534
1515
727
1559
882
1594
920
1462
791
1522
797
1591
908
1604
996
1733
1115
1657
1249
1499
1167
1508
1108
1535
1280
1597
1405
1765
1601
1762
1667
1669
1595
1594
1538
1567
1678
1671
1796
1851
1983
1935
2113
1906
2037
1809
2021
1890
2053
2003
2288
2136
2471
2233
2625
2291
2616
2244
2538
2227
2544
2340
2604
2480
2814
2597
2964
2687
2989
2744
2936
2741
2877
2761
2867
2846
2989
2888
3081
2937
3065
3043
3071
3123
3099
3089
3092
3144
3050
3143
3087
3223
3149
3320
3143
3328
3178
3425
3125
3357
3079
3286
2993
3381
3040
3439
3131
3501
3159
3574
3228
3445
3161
3353
3059
3413
3036
3407
3051
3445
3157
3477
3174
3428
3188
3317
3141
3237
3060
3224
3000
3161
3056
3148
2995
3119
2958
2986
2883
2885
2746
2730
2696
2609
2525
2493
2508
2456
2532
2338
2517
2152
2474
2008
2368
1828
2200
1689
2152
1626
2173
1517
2075
1414
2064
1296
2012
1148
1900
1053
1813
967
1728
885
1654
915
1555
1001
1541
936
1516
815
1356
728
1242
706
1119
757
953
967
913
1083
919
1007
758
925
576
891
335
895
178
1043
259
1157
382
1173
522
1096
381
996
116
1043
3
1106
260
1197
470
1151
594
1068
547
1044
374
1015
448
1019
538
1040
759
1077
880
1072
910
1116
981
1084
1010
1037
1065
1016
1168
1025
1229
1114
1279
1257
1433
1297
1562
1195
1631
1162
1616
1202
1634
1358
1848
1554
1965
1616
2144
1584
2206
1535
2109
1544
2114
1736
2197
1930
2349
2022
2508
2059
2582
2055
2460
2138
2464
2227
2473
2335
2550
2361
2700
2452
2611
2585
2652
2636
2657
2673
2674
2765
2768
2787
2773
2873
2688
3015
2751
3081
2766
3119
2747
3082
2781
3046
2625
3173
2615
3324
2775
3434
2824
3427
2880
3297
2772
3270
2667
3354
2686
3463
2759
3505
2849
3473
2858
3353
2752
3279
2678
3266
2695
3307
2725
3276
2770
3162
2659
3046
2566
2985
2512
2952
2511
2866
2489
2713
2400
2547
2330
2448
2239
2425
2386
2339
2476
2230
2402
2030
2198
1854
2057
1736
2044
1735
2113
1705
2284
1575
2216
1404
1993
1294
1815
1212
1789
1192
1835
1288
1905
1301
1886
1182
1707
1078
1521
1024
1518
999
1482
1051
1379
1185
1356
1233
1239
1142
1043
1042
991
1041
909
1058
771
1117
771
1259
869
1228
899
1172
837
1093
713
1091
617
1178
682
1275
793
1298
972
1197
995
1130
899
1107
837
1152
910
1239
1064
1307
1245
1311
1386
1259
1391
1219
1411
1230
1385
1279
1502
1293
1660
1349
1774
1391
1894
1409
1944
1418
1937
1454
1992
1532
2154
1565
2307
1668
2419
1767
2505
1811
2520
1837
2513
1857
2584
1970
2678
2112
2760
2312
2891
2416
2968
2445
2961
2488
2915
2530
2940
2655
3016
2794
3075
2948
3137
3085
3183
3131
3190
3064
3135
3099
3151
3244
3188
3380
3165
3532
3201
3519
3236
3503
3186
3498
3262
3508
3114
3652
3060
3762
3202
3694
3170
3701
3233
3725
3336
3734
3227
3724
3110
3724
3102
3639
3102
3586
3142
3617
3253
3651
3216
3618
3201
3550
3123
3347
2995
3281
3027
3278
3038
3239
2966
3226
3057
3076
2985
2875
2839
2768
2797
2769
2744
2684
2791
2557
2771
2474
2770
2320
2755
2224
2633
2113
2476
1997
2421
1916
2405
1769
2367
1665
2359
1720
2303
1613
2208
1481
2073
1351
1977
1261
2023
1212
1866
1292
1764
1310
1804
1303
1675
1173
1571
986
1453
1046
1335
1102
1197
1121
1129
1184
1132
1142
1048
1131
965
1121
807
1042
674
1120
649
1117
665
1094
698
1216
764
1203
679
1100
540
1044
512
1116
596
1060
741
1113
808
1160
873
1147
880
1194
922
1078
979
1095
1058
1146
1203
1131
1222
1228
1330
1281
1434
1219
1511
1146
1530
1152
1558
1261
1653
1378
1693
1463
1821
1506
1955
1477
1993
1444
1925
1524
1957
1655
2018
1735
2067
1866
2258
1962
2342
2037
2350
2086
2282
2123
2256
2197
2359
2327
2468
2391
2475
2496
2498
2603
2450
2625
2388
2568
2415
2587
2477
2713
2492
2806
2452
2948
2416
2953
2388
2886
2415
2883
2446
2855
2349
3014
2332
3128
2328
3129
2363
3076
2523
3072
2507
3035
2374
3048
2292
3096
2280
3051
2335
2997
2403
2996
2471
3022
2445
3006
2395
2919
2265
2779
2290
2752
2356
2712
2344
2679
2297
2699
2333
2599
2259
2470
2166
2334
2178
2290
2177
2289
2108
2205
2070
2139
2138
2008
2104
1847
1978
1724
1872
1680
1800
1614
1782
1533
1777
1451
1807
1390
1811
1306
1667
1218
1549
1147
1578
1151
1564
1116
1459
1059
1417
1074
1401
1077
1310
1013
1267
933
1174
916
1059
951
963
958
925
1001
913
1044
948
1000
822
975
699
927
666
988
616
1057
715
1008
820
1053
826
1058
698
1039
624
1052
662
1109
832
1091
1019
1046
1049
1132
1077
1183
1079
1218
1062
1138
1242
1148
1409
1168
1474
1254
1524
1323
1592
1306
1659
1302
1744
1259
1842
1298
1912
1414
1934
1523
2024
1541
2150
1617
2193
1574
2211
1575
2206
1723
2272
1819
2326
1892
2404
1937
2492
2012
2541
2111
2558
2282
2564
2313
2636
2319
2656
2385
2680
2455
2700
2582
2749
2704
2780
2739
2791
2737
2774
2724
2794
2819
2821
2951
2821
3059
2848
3062
2864
3073
2852
3126
2811
3174
2776
3226
2802
3280
2842
3299
2895
3268
2926
3313
2914
3380
2854
3439
2858
3391
2861
3336
2921
3339
2943
3378
2918
3427
2970
3360
3007
3363
3021
3322
2990
3275
2954
3310
2862
3228
2858
3150
2892
3101
2906
3050
2931
3028
2910
3013
2778
2881
2698
2788
2748
2671
2724
2559
2702
2533
2668
2484
2632
2352
2581
2280
2528
2180
2495
2121
2419
2039
2327
1981
2310
1883
2354
1839
2355
1883
2276
1890
2152
1813
2042
1688
2009
1602
1989
1530
2013
1613
2000
1680
1917
1691
1820
1597
1703
1473
1668
1428
1697
1509
1677
1566
1657
1569
1652
1552
1587
1522
1619
1526
1599
1543
1514
1550
1507
1541
1485
1561
1566
1497
1679
1487
1593
1562
1560
1589
1517
1545
1517
1504
1645
1463
1713
1478
1766
1539
1854
1605
1874
1598
1853
1535
1900
1512
1951
1558
2057
1633
2130
1666
2186
1660
2232
1700
2226
1730
2223
1738
2191
1784
2243
1781
2247
1819
2291
1898
2361
1891
2385
1984
2356
2059
2292
2115
2289
2151
2320
2184
2366
2237
2407
2306
2388
2369
2295
2453
2273
2482
2301
2525
2409
2590
2455
2581
2340
2638
2252
2711
2205
2730
2304
2822
2398
2872
2415
2867
2315
2860
2182
2835
2104
2901
2235
2989
2399
2967
2396
2999
2262
2982
2083
2936
2052
2942
2128
2976
2234
2977
2287
2954
2171
2888
2079
2867
2071
2881
2112
2872
2190
2840
2158
2794
2042
2671
2016
2594
2018
2588
2107
2548
2148
2533
2057
2468
1986
2338
1944
2231
1954
2099
1987
2072
1962
2079
1916
2005
1881
1900
1804
1788
1798
1646
1773
1562
1695
1580
1683
1567
1700
1518
1687
1448
1587
1354
1513
1282
1490
1282
1460
1285
1447
1214
1457
1207
1414
